# name: xl
# type: matrix
# rows: 10
# columns: 1
1
1
1
1
2
2
2
2
1
2
