# name: xl
# type: matrix
# rows: 8
# columns: 1
1
1
1
1
2
2
2
2
