# name: Y 
# type: matrix
# rows: 1000 
# columns: 2
17.803755 11.859573
16.661983 21.961000
19.232946 6.938784
6.555494 15.849249
8.295689 14.835023
20.044594 24.904877
4.133582 12.023610
11.258648 22.977806
13.751045 15.107180
10.871660 26.319376
6.850336 21.283941
11.534900 21.247847
6.666295 10.811459
4.844277 18.580673
5.765599 26.265854
19.044161 23.272995
11.632129 2.982009
6.685868 20.463358
9.802091 24.001881
17.584023 10.258428
8.007204 19.166748
14.684370 24.774302
3.953200 24.026554
13.391930 9.026485
9.940672 7.652666
4.750662 8.905867
12.128875 12.412532
10.908881 21.011881
20.695032 25.375099
14.688900 11.579708
15.995418 11.216589
6.883207 7.806538
12.689770 8.110318
4.282039 20.626785
2.869610 5.372560
11.404201 3.955804
12.466373 20.889521
2.038776 5.945178
20.999870 7.108215
18.799112 5.136712
12.877844 6.509307
4.262630 11.792256
12.588600 13.314396
14.747749 4.491002
11.616160 20.932346
7.085903 26.805712
12.539422 23.940344
15.956186 17.722748
1.708418 20.695072
18.465427 22.775940
20.588682 20.595280
19.067327 26.589893
4.279360 22.750296
18.778975 3.924867
13.994140 8.201103
15.012399 9.921678
7.575541 7.785699
2.483219 17.826805
6.600840 15.652672
10.429669 16.813498
9.690266 2.080786
17.664865 7.847293
7.942317 6.615562
13.182117 17.678947
15.808769 7.055319
19.418287 19.118914
14.062607 8.431637
11.648819 4.191091
6.209939 23.934599
14.722499 4.343506
16.515345 9.209485
7.592842 6.743775
20.687263 2.089464
17.547823 10.286977
16.297428 19.476885
8.676639 21.356836
18.238342 7.088705
16.873137 15.701051
10.962879 16.404989
10.273243 23.223555
4.608425 19.104462
15.551006 5.476455
13.062177 14.310543
17.762672 20.106300
4.564150 7.549139
10.970510 5.031470
7.496140 25.297382
19.169693 17.552385
10.921488 10.374292
8.886543 18.470779
7.627716 4.278714
9.546554 25.362366
12.671406 8.636533
17.598782 11.859709
18.951204 5.401865
16.665640 21.359655
6.873561 4.866695
18.310696 20.025145
1.983249 13.227628
20.729342 19.697727
5.217658 13.847349
7.035262 18.427998
2.030166 3.335557
12.572697 15.247480
13.194582 15.143678
5.673124 22.745207
2.401804 4.470936
10.634667 7.637273
7.885019 22.372717
5.007047 12.029691
5.619919 11.643706
11.656920 5.868094
8.604293 11.554179
6.208897 18.241474
12.046328 24.989773
14.956964 9.798762
13.917781 2.150119
11.659197 23.097740
4.057516 2.822316
2.271212 19.143045
15.006023 16.195778
1.022510 2.142729
7.104776 8.539258
14.107362 23.438881
4.623224 10.533862
14.346810 23.975237
14.066099 9.830739
18.700283 6.656619
4.142784 14.586525
17.579145 18.891352
12.028859 25.335501
19.782583 21.991142
17.282776 16.862432
19.717035 10.113535
18.486189 16.728916
16.508429 21.872753
18.460426 18.610359
11.771130 5.708548
15.018207 14.953767
17.652182 14.876227
13.753127 13.303060
3.879640 12.326946
12.474424 22.323675
12.653645 13.168563
10.547228 26.879122
2.174465 3.856511
5.452047 7.494696
9.771236 23.264662
7.671385 15.418562
19.996407 13.654215
18.686356 26.181923
16.604479 21.161190
12.215690 15.861204
10.559218 11.002628
14.077598 24.913067
18.308670 4.744442
8.471117 6.975068
13.930404 16.817297
1.378215 10.596034
18.743940 25.331814
10.754414 21.880781
10.516113 8.824678
19.932810 5.058145
18.313580 17.579861
15.373326 25.113487
4.343307 7.074424
3.533385 7.688797
19.938494 2.346656
10.236956 18.213629
13.284534 3.763924
5.881374 24.809765
17.278072 20.834566
18.786869 18.167795
16.334023 22.083254
14.974260 19.048042
16.049574 9.448331
17.187414 6.726590
12.822212 3.335985
3.029083 5.931877
5.882972 5.404263
12.782372 3.451307
17.310980 25.151690
15.587954 7.630889
6.283438 17.839621
11.763506 2.416265
5.114284 15.065717
9.019707 9.679209
14.598075 18.128349
9.866777 8.725559
15.063725 10.322301
5.290480 20.980211
1.323550 23.128073
18.048223 17.019066
7.429551 18.699003
11.536604 23.200003
2.464713 14.859555
18.796253 17.285273
7.879189 10.998556
17.402924 14.685239
2.688220 8.121458
15.227097 17.281031
10.518947 20.932045
16.550100 2.174503
12.572251 20.411547
15.874541 25.064301
6.497931 7.983019
16.217239 4.417035
20.622171 23.131824
10.130284 12.859952
2.625301 11.449929
7.246870 25.580551
8.985998 7.289137
7.164937 12.843960
2.683693 21.506264
11.541499 6.428325
8.759923 16.904783
11.788268 12.165376
17.448517 16.441956
16.784874 11.355021
17.159185 11.683064
17.985432 22.786545
15.288633 17.880098
14.436815 2.736906
16.118910 16.992664
17.885626 20.382782
4.680506 18.667677
18.768658 4.555832
4.994477 9.193410
3.842371 9.365033
18.468275 7.821203
14.479921 17.733982
16.466019 2.711313
16.275276 21.360809
6.685786 3.918834
4.579733 10.994646
9.860853 11.467762
13.950445 4.517142
17.115780 20.742973
12.992889 3.705870
18.624634 18.871239
10.213033 13.790970
6.848635 7.610387
10.717315 6.812145
18.177320 5.334700
6.863430 6.614436
1.056556 24.519295
6.775032 22.215420
14.009814 19.188177
4.508262 3.118237
20.194328 21.376438
3.259286 23.531626
11.722291 18.697708
10.316695 22.713657
17.759718 5.867763
14.472963 10.096291
7.943926 15.312854
15.341832 13.501686
11.822792 2.146080
6.373685 6.790758
11.287034 12.660289
7.870401 3.261657
2.886398 22.233870
4.602727 10.981167
9.779809 23.344612
14.661967 21.654669
8.725973 5.508450
13.008109 26.192352
3.184668 23.727242
4.186488 22.065092
10.113808 15.308547
15.900165 26.251053
20.175070 4.213208
18.957663 24.488024
16.567812 17.569782
2.472757 13.537223
9.179561 13.498413
13.036538 22.888313
2.426440 26.063778
10.503277 11.612725
19.573553 4.241375
17.418512 26.209867
4.764961 9.179737
13.550356 8.547148
18.440569 9.128729
20.154186 17.601490
17.020477 9.276425
8.614240 2.173855
14.961925 24.237772
4.534007 17.979963
3.964605 25.134466
5.459559 4.822780
10.053623 23.519606
18.136515 24.737799
8.733386 25.902773
4.482715 6.692329
8.342369 17.387276
11.036707 19.352278
13.389395 19.342302
11.402365 24.383842
5.828298 18.883003
15.479505 13.609822
16.764627 6.416411
7.503542 10.350394
3.762275 12.441586
16.556555 5.241585
1.263229 5.623655
11.474907 8.174743
5.492865 15.543576
18.941107 23.102825
5.708702 12.429340
2.849875 13.586050
19.824858 24.018127
5.294817 8.950116
7.051603 16.663414
16.974117 11.741665
13.733127 20.504377
18.283884 15.342792
12.685762 4.490734
20.017706 10.093871
19.482082 12.682382
16.682844 5.471124
15.105999 7.814126
17.382032 13.826137
11.454578 21.772995
12.138154 9.285782
5.235718 18.954025
19.792986 21.706631
7.119750 18.141102
7.453895 11.540064
18.092960 11.751259
19.654324 26.536331
19.139288 4.854979
6.341664 2.875974
13.950954 13.971728
2.607681 13.704616
14.265031 23.621826
7.552520 26.648659
5.929513 6.873688
15.944611 10.739061
15.613531 22.690365
8.597489 25.474085
3.244107 10.102409
14.364490 14.190969
8.107375 15.966120
15.323989 15.683999
15.809010 13.171900
1.128512 3.097282
15.565913 3.162817
20.384195 9.409292
4.383534 2.920440
8.218279 20.494850
13.936809 7.156997
2.687803 5.338694
20.789656 15.331315
8.749327 16.209484
2.108213 2.857671
16.493185 21.807787
1.730321 15.489598
12.263221 25.717705
15.350249 11.998089
10.956936 12.973097
6.237668 25.577036
2.731924 9.305185
15.984601 13.851564
11.167388 17.881151
12.939043 15.622136
4.496600 25.157345
20.489975 6.888452
12.375080 15.655548
11.644367 26.838194
2.183266 2.751628
9.649032 10.026167
13.265082 20.059416
12.170474 17.592533
16.253574 10.152421
1.954835 22.546053
8.123239 14.004834
3.857776 10.232713
5.599676 16.467562
13.459756 20.823380
3.864483 4.989603
15.522885 20.665880
10.413481 7.290107
12.812988 9.839002
16.875069 19.262545
9.932893 10.195126
19.130150 8.979438
8.242293 11.510862
15.822599 14.633470
11.000372 13.681854
5.704904 25.617420
19.816740 22.647364
17.900099 17.639910
8.532617 17.758780
20.132221 8.360812
16.195425 17.233894
4.300304 2.293632
16.771809 6.191211
13.823763 3.171182
14.121968 12.347352
2.977152 22.876253
10.212930 22.983768
12.484274 21.071781
3.449782 14.093559
2.615905 2.370172
5.252901 2.935158
6.384787 10.049555
19.626759 24.504063
1.815119 14.784659
9.704316 26.196701
12.589877 4.282856
19.527287 23.112051
