# name: yl 
# type: matrix
# rows: 1000 
# columns: 1
2
2
2
1
2
2
1
2
2
2
1
1
1
1
1
2
2
1
2
2
1
2
1
1
1
1
2
1
2
2
2
1
1
1
1
2
1
1
2
2
2
1
2
2
1
1
2
2
1
2
2
2
1
2
1
2
1
1
1
2
2
2
1
2
2
2
1
2
1
2
2
1
2
2
2
1
2
2
2
2
1
2
2
2
1
2
1
2
1
1
1
2
1
2
2
2
1
2
1
2
1
1
1
2
2
1
1
1
1
1
1
2
2
1
2
1
2
2
1
1
2
1
1
2
1
2
1
2
1
2
2
2
2
2
2
2
2
2
2
2
2
1
2
2
2
1
1
2
1
2
2
2
2
2
2
2
2
2
1
2
1
1
2
2
2
1
1
2
1
2
1
2
2
2
1
2
2
2
1
1
2
2
2
1
2
1
1
1
1
2
1
1
2
1
2
1
2
1
2
1
2
1
2
1
2
1
2
2
2
1
1
1
1
1
2
2
2
2
2
2
2
2
2
2
2
1
2
1
1
2
2
2
2
1
1
2
2
2
2
2
2
1
2
2
1
1
1
1
1
2
1
1
2
2
1
1
2
2
1
2
1
1
1
2
1
2
2
1
1
2
2
2
2
2
1
2
2
1
2
2
2
1
1
2
2
2
2
2
1
1
1
2
2
2
1
2
1
1
2
1
2
2
1
1
2
1
1
1
2
1
1
2
1
1
2
1
2
2
2
2
2
2
2
1
1
1
2
1
1
2
2
2
1
2
1
2
1
1
2
2
2
1
2
2
2
2
1
2
2
1
1
1
1
2
2
1
2
1
2
2
2
1
1
2
2
2
1
2
2
2
1
1
1
2
2
1
2
1
1
1
1
2
1
1
2
1
2
2
2
2
1
2
2
2
2
2
1
2
2
2
1
2
1
1
1
1
1
2
1
2
2
2
2
1
1
1
2
1
1
2
2
1
2
2
1
2
1
2
2
2
1
2
2
2
1
1
2
2
1
1
1
2
2
1
1
2
2
2
2
1
1
1
2
2
1
2
2
2
2
1
1
1
1
1
1
1
1
2
2
2
1
1
1
1
1
1
2
2
2
2
2
2
2
1
2
1
2
1
2
1
1
1
1
2
2
2
2
2
2
1
2
1
1
2
1
1
1
1
1
2
1
1
1
1
1
1
1
1
1
1
2
1
1
2
2
2
1
2
2
1
1
1
2
2
2
1
1
1
1
2
2
1
2
1
2
1
1
2
1
1
2
1
1
2
1
1
1
2
1
1
2
2
2
2
1
1
2
2
1
1
2
1
2
2
1
2
1
2
1
2
1
1
2
2
2
2
1
1
1
2
2
2
2
2
2
1
2
2
1
2
1
2
1
2
1
2
2
1
2
2
1
1
2
2
2
1
1
2
1
1
2
1
1
2
2
1
1
2
2
2
2
2
2
1
2
1
2
1
2
1
2
1
2
2
1
1
1
2
2
1
2
2
1
2
1
2
1
2
2
2
2
1
2
2
2
2
2
1
2
1
1
1
2
2
2
2
2
1
2
1
1
2
1
2
2
1
1
1
2
2
2
1
1
2
1
1
2
1
2
1
1
2
1
2
2
1
2
2
2
2
1
1
2
2
1
2
2
1
2
2
1
1
2
2
1
1
2
2
1
2
1
2
2
2
1
2
1
2
2
1
2
1
2
1
1
1
2
2
2
1
2
2
1
2
1
1
2
1
2
2
1
2
2
1
2
2
2
2
2
2
1
1
2
2
2
1
1
2
1
2
1
2
2
2
2
2
2
2
2
1
1
2
2
1
2
1
1
2
2
1
1
2
2
2
1
2
1
2
1
2
2
1
1
2
1
1
2
1
2
2
2
1
1
1
2
2
2
1
2
2
1
1
1
1
2
1
2
2
1
2
2
1
2
1
1
1
1
1
2
1
1
2
1
1
1
1
1
1
1
1
2
2
2
2
2
1
1
1
2
2
2
2
2
2
2
2
2
2
2
2
2
1
1
1
2
1
1
1
1
1
1
2
1
2
1
1
1
2
1
2
1
2
1
2
2
1
1
2
2
2
2
1
1
2
1
2
1
1
2
1
1
2
1
1
2
2
2
1
2
2
1
2
1
1
1
2
1
2
2
2
1
1
2
2
1
2
2
1
2
1
1
2
2
2
1
2
2
1
2
2
2
1
1
2
2
2
1
1
2
1
2
1
1
2
2
1
2
2
1
1
1
1
1
2
1
2
2
1
1
1
1
1
2
2
2
1
1
2
2
2
